1433
7001
22
23
3389
3306
6379
1521
5432
27017
11211
8080
9200
9300
873
80
443
8443
1723
5900
445
389
21
110
465
25
81
9000
5984
8081
10050
10443
9999
3690
1604
500
82
83
84
85
86
87
88
89
53
79
90
123
135
143
264
512
513
548
554
8554
587
593
993
995
1080
1099
1194
1352
1500
1025
111
113
1900
2049
3260
3299
2082
2083
8009
2181
2182
2183
2184
2185
2186
2187
2188
2189
2375
5555
9100
9160
2601
2602
2603
2604
2605
2606
2607
2608
2609
3128
3312
3311
4440
4848
4899
5000
5672
5858
6000
6082
6800
7002
7003
7004
7005
7778
8000
27018
8003
8161
8834
8069
8082
8083
8084
8085
8086
8087
8088
8089
8090
44818
8291
8091
8888
8500
47808
8649
8983
9001
9020
9021
9022
9023
9024
9025
9026
9027
9028
9029
9099
10000
10051
28018
50000
50030
50031
50032
50033
50034
50035
50036
50080
61616
